%YAML:1.0
Descriptors: !!opencv-matrix
   rows: 199
   cols: 32
   dt: u
   data: [ 0, 165, 130, 143, 213, 162, 166, 207, 62, 131, 74, 3, 164,
       162, 32, 192, 249, 110, 2, 145, 18, 186, 129, 235, 61, 54, 158,
       11, 128, 90, 189, 138, 21, 79, 203, 254, 198, 163, 238, 240, 212,
       130, 251, 66, 81, 227, 177, 105, 121, 236, 55, 235, 73, 183, 14,
       250, 48, 174, 239, 132, 61, 251, 241, 160, 0, 141, 146, 143, 213,
       163, 166, 239, 118, 131, 90, 2, 172, 162, 32, 64, 121, 107, 34,
       129, 22, 184, 1, 251, 61, 38, 158, 3, 145, 90, 185, 142, 2, 172,
       226, 219, 215, 160, 186, 199, 63, 1, 88, 3, 172, 170, 116, 192,
       255, 123, 19, 145, 18, 186, 136, 227, 61, 60, 158, 235, 133, 70,
       179, 138, 149, 205, 79, 188, 204, 131, 238, 226, 148, 130, 250,
       194, 81, 195, 177, 73, 121, 236, 34, 235, 105, 247, 14, 255, 48,
       130, 239, 12, 61, 249, 240, 160, 0, 141, 130, 143, 213, 163, 166,
       231, 54, 129, 90, 2, 168, 178, 32, 64, 121, 106, 2, 145, 18, 184,
       1, 251, 45, 36, 158, 0, 145, 90, 177, 136, 216, 205, 92, 238, 186,
       74, 79, 189, 164, 48, 174, 2, 247, 115, 32, 83, 98, 230, 108, 234,
       120, 137, 89, 61, 243, 233, 103, 20, 52, 178, 192, 42, 181, 207,
       79, 158, 204, 131, 238, 230, 212, 130, 250, 194, 81, 226, 177, 73,
       121, 236, 34, 234, 104, 247, 14, 251, 48, 130, 239, 12, 53, 251,
       240, 128, 35, 184, 242, 91, 247, 253, 186, 199, 63, 71, 124, 191,
       40, 222, 246, 180, 191, 59, 147, 149, 150, 186, 190, 243, 31, 30,
       30, 235, 215, 198, 231, 223, 167, 29, 47, 222, 221, 134, 239, 98,
       245, 202, 251, 6, 120, 255, 53, 97, 232, 227, 19, 239, 233, 171,
       58, 238, 123, 62, 207, 8, 75, 127, 114, 190, 97, 244, 49, 219,
       253, 205, 84, 175, 95, 27, 56, 24, 182, 57, 76, 48, 201, 26, 78,
       0, 123, 46, 83, 183, 175, 222, 20, 122, 218, 88, 210, 171, 155,
       246, 247, 119, 98, 59, 252, 253, 123, 243, 119, 255, 125, 255,
       223, 63, 191, 223, 247, 183, 165, 246, 175, 236, 94, 91, 125, 167,
       231, 247, 135, 255, 207, 182, 228, 87, 227, 122, 125, 184, 63,
       126, 119, 245, 201, 111, 158, 253, 55, 255, 247, 166, 181, 212,
       239, 219, 70, 123, 113, 135, 239, 229, 78, 247, 216, 141, 93, 239,
       184, 11, 79, 189, 165, 0, 142, 2, 247, 115, 160, 113, 118, 246,
       93, 234, 121, 137, 121, 63, 227, 235, 35, 144, 52, 178, 160, 41,
       10, 188, 250, 187, 246, 169, 187, 215, 30, 71, 120, 183, 189, 252,
       118, 32, 191, 59, 19, 149, 150, 190, 62, 255, 111, 79, 62, 233,
       213, 74, 167, 219, 216, 205, 92, 238, 186, 74, 79, 189, 165, 32,
       174, 2, 119, 115, 32, 83, 98, 230, 109, 234, 120, 137, 89, 61,
       243, 233, 101, 16, 52, 178, 196, 40, 40, 220, 57, 251, 253, 205,
       85, 175, 95, 27, 188, 24, 182, 185, 12, 48, 217, 26, 151, 1, 123,
       46, 122, 183, 111, 223, 20, 123, 90, 88, 212, 171, 207, 246, 230,
       71, 226, 122, 127, 248, 59, 238, 119, 245, 77, 255, 142, 253, 183,
       223, 245, 166, 229, 212, 237, 207, 86, 123, 127, 135, 46, 247,
       111, 245, 55, 77, 47, 222, 213, 214, 239, 96, 245, 202, 255, 6,
       120, 255, 53, 97, 248, 225, 19, 239, 237, 171, 56, 238, 115, 62,
       207, 0, 11, 119, 112, 246, 10, 184, 234, 187, 246, 181, 186, 199,
       62, 71, 120, 183, 189, 206, 118, 32, 255, 123, 147, 149, 182, 188,
       190, 243, 111, 79, 190, 225, 213, 68, 167, 219, 171, 62, 245, 87,
       243, 127, 253, 254, 123, 255, 183, 253, 110, 253, 222, 63, 191,
       255, 247, 149, 181, 254, 239, 254, 94, 91, 117, 163, 231, 245,
       199, 255, 24, 141, 27, 239, 182, 235, 107, 183, 20, 33, 94, 194,
       247, 55, 176, 64, 119, 58, 29, 188, 59, 152, 57, 63, 233, 231,
       174, 192, 180, 202, 161, 57, 216, 201, 94, 238, 42, 10, 95, 189,
       161, 48, 166, 8, 127, 115, 128, 83, 102, 244, 125, 234, 104, 65,
       203, 45, 243, 235, 101, 144, 48, 178, 224, 41, 255, 188, 246, 86,
       242, 59, 254, 255, 59, 235, 182, 187, 108, 255, 214, 63, 191, 255,
       245, 181, 180, 255, 175, 238, 126, 95, 95, 166, 231, 244, 227,
       223, 215, 143, 238, 214, 230, 58, 254, 231, 153, 226, 218, 243,
       125, 238, 181, 98, 127, 247, 191, 175, 241, 241, 173, 238, 62, 46,
       239, 128, 37, 254, 241, 213, 40, 253, 184, 250, 125, 221, 85, 174,
       95, 91, 252, 24, 178, 249, 44, 52, 217, 26, 151, 1, 107, 42, 122,
       183, 239, 223, 20, 123, 82, 88, 212, 170, 239, 182, 228, 119, 227,
       122, 121, 152, 63, 255, 119, 245, 235, 127, 142, 255, 55, 223,
       247, 134, 175, 212, 239, 227, 70, 251, 123, 131, 238, 245, 238,
       247, 55, 77, 111, 222, 213, 150, 238, 242, 245, 202, 255, 7, 120,
       254, 55, 117, 236, 227, 19, 239, 253, 143, 56, 238, 59, 126, 207,
       64, 75, 39, 240, 246, 169, 181, 48, 123, 253, 61, 84, 191, 95, 59,
       53, 24, 222, 121, 92, 60, 153, 26, 102, 24, 58, 124, 251, 151,
       207, 223, 21, 118, 218, 8, 192, 3, 24, 157, 95, 239, 182, 235, 79,
       183, 37, 0, 222, 162, 247, 119, 160, 96, 118, 182, 29, 234, 57,
       137, 41, 191, 235, 239, 163, 208, 52, 234, 164, 105, 168, 241, 57,
       250, 237, 221, 213, 191, 95, 93, 52, 24, 186, 249, 76, 36, 201,
       26, 166, 17, 122, 106, 122, 183, 111, 219, 85, 127, 82, 28, 214,
       235, 24, 157, 31, 239, 178, 198, 111, 55, 52, 8, 222, 230, 245,
       119, 160, 97, 118, 55, 29, 168, 57, 152, 113, 63, 233, 231, 174,
       192, 184, 130, 165, 57, 40, 221, 177, 218, 125, 213, 85, 191, 95,
       91, 124, 24, 182, 249, 60, 116, 201, 58, 151, 9, 235, 42, 122,
       183, 239, 255, 148, 123, 82, 92, 212, 238, 235, 190, 238, 87, 227,
       250, 121, 158, 59, 255, 246, 189, 235, 255, 142, 191, 183, 255,
       245, 148, 191, 222, 239, 243, 94, 251, 117, 131, 238, 228, 238,
       253, 183, 143, 107, 206, 214, 146, 239, 244, 245, 194, 219, 194,
       121, 238, 181, 97, 126, 231, 23, 239, 249, 187, 44, 239, 114, 42,
       175, 128, 37, 247, 242, 160, 181, 203, 75, 254, 222, 130, 239,
       240, 212, 128, 241, 230, 113, 233, 177, 96, 122, 232, 38, 238,
       201, 187, 14, 173, 240, 168, 167, 136, 61, 187, 240, 160, 40, 153,
       57, 120, 93, 221, 209, 239, 215, 61, 188, 24, 178, 253, 118, 52,
       201, 154, 226, 1, 106, 42, 122, 183, 79, 223, 17, 63, 82, 8, 214,
       234, 172, 224, 57, 114, 233, 201, 81, 204, 251, 61, 37, 24, 30,
       215, 72, 28, 129, 24, 192, 82, 18, 101, 234, 49, 75, 209, 17, 127,
       210, 25, 198, 162, 129, 94, 31, 109, 32, 14, 106, 48, 124, 10,
       118, 100, 247, 19, 129, 245, 54, 116, 14, 106, 225, 180, 17, 78,
       132, 170, 98, 0, 104, 179, 67, 161, 172, 240, 56, 122, 105, 233,
       81, 200, 235, 29, 37, 56, 14, 213, 74, 28, 129, 24, 192, 18, 18,
       103, 170, 49, 203, 209, 16, 127, 210, 11, 198, 163, 201, 92, 31,
       77, 32, 46, 103, 48, 124, 10, 119, 68, 215, 19, 129, 125, 54, 100,
       68, 106, 225, 180, 17, 15, 132, 171, 96, 0, 106, 179, 66, 33, 204,
       157, 145, 87, 225, 110, 103, 183, 121, 251, 103, 24, 94, 55, 8,
       191, 161, 86, 100, 10, 49, 252, 185, 34, 175, 255, 116, 2, 194,
       113, 199, 59, 133, 20, 159, 69, 229, 110, 100, 19, 124, 139, 103,
       80, 222, 51, 137, 255, 53, 20, 60, 40, 49, 244, 49, 74, 7, 186,
       116, 4, 202, 224, 225, 49, 108, 248, 177, 82, 105, 201, 17, 132,
       251, 61, 37, 56, 158, 213, 72, 62, 129, 24, 192, 82, 18, 100, 234,
       49, 207, 209, 17, 127, 194, 25, 198, 163, 201, 86, 31, 69, 96, 46,
       99, 48, 120, 10, 119, 68, 247, 19, 129, 113, 54, 44, 68, 110, 225,
       244, 17, 15, 196, 171, 96, 0, 104, 241, 74, 33, 188, 97, 248, 122,
       207, 65, 85, 200, 195, 182, 165, 10, 83, 213, 105, 59, 72, 208,
       99, 122, 74, 103, 234, 48, 83, 137, 69, 63, 115, 59, 70, 162, 13,
       148, 159, 85, 225, 110, 101, 151, 120, 123, 102, 80, 222, 51, 0,
       255, 163, 86, 48, 24, 49, 248, 49, 32, 15, 251, 116, 70, 202, 113,
       195, 57, 69, 20, 151, 197, 164, 46, 236, 16, 108, 138, 115, 84,
       220, 51, 129, 239, 182, 116, 62, 42, 177, 244, 145, 72, 133, 186,
